        IDL          182     149




     1              6             11             16             21             26             31             36


149100100100100100100100100100100100100100100100100100100100100100100100100100100100100100100100100100100100100100100100100
148100100100100100100100100100100100100100100100100100100100100100100100100100100100100100100100100100100100100100100100100
147100100100100100100100100100100100100100100100100100100100100100100100100100100100100100100100100100100100100100100100100
146100100100100100100100100100100100100100100100100100100100100100100100100100100100100100100100100100100100100100100100100
145100100100100100100100100100100100100100100100100100100100100100100100100100100100100100100100100100100100100100100100100
144100100100100100100100100100100100100100100100100100100100100100100100100100100100100100100100100100100100100100100100100
143100100100100100100100100100100100100100100100100100100100100100100100100100100100100100100100100100100100100100100100100
142100100100100100100100100100100100100100100100100100100100100100100100100100100100100100100100100100100100100100100100100
141100100100100100100100100100100100100100100100100100100100100100100100100100100100100100100100100100100100100100100100100
140100100100100100100100100100100100100100100100100100100100100100100100100100100100100100100100100100100100100100100100100
139100100100100100100100100100100100100100100100100100100100100100100100100100100100100100100100100100100100100100100100100
138100100100100100100100100100100100100100100100100100100100100100100100100100100100100100100100100100100100100100100100100
137100100100100100100100100100100100100100100100100100100100100100100100100100100100100100100100100100100100100100100100100
136100100100100100100100100100100100100100100100100100100100100100100100100100100100100100100100100100100100100100100100100
135100100100100100100100100100100100100100100100100100100100100100100100100100100100100100100100100100100100100100100100100
134100100100100100100100100100100100100100100100100100100100100100100100100100100100100100100100100100100100100100100100100
133100100100100100100100100100100100100100100100100100100100100100100100100100100100100100100100100100100100100100100100100
132100100100100100100100100100100100100100100100100100100100100100100100100100100100100100100100100100100100100100100100100
131100100100100100100100100100100100100100100100100100100100100100100100100100100100100100100100100100100100100100100100100
130100100100100100100100100100100100100100100100100100100100100100100100100100100100100100100100100100100100100100100100100
129100100100100100100100100100100100100100100100100100100100100100100100100100100100100100100100100100100100100100100100100
128100100100100100100100100100100100100100100100100100100100100100100100100100100100100100100100100100100100100100100100100
127100100100100100100100100100100100100100100100100100100100100100100100100100100100100100100100100100100100100100100100100
126100100100100100100100100100100100100100100100100100100100100100100100100100100100100100100100100100100100100100100100100
125100100100100100100100100100100100100100100100100100100100100100100100100100100100100100100100100100100100100100100100100
124100100100100100100100100100100100100100100100100100100100100100100100100100100100100100100100100100100100100100100100100
123100100100100100100100100100100100100100100100100100100100100100100100100100100100100100100100100100100100100100100100100
122100100100100100100100100100100100100100100100100100100100100100100100100100100100100100100100100100100100100100100100100
121100100100100100100100100100100100100100100100100100100100100100100100100100100100100100100100100100100100100100100100100
120100100100100100100100100100100100100100100100100100100100100100100100100100100100100100100100100100100100100100100100100
119100100100100100100100100100100100100100100100100100100100100100100100100100100100100100100100100100100100100100100100100
118100100100100100100100100100100100100100100100100100100100100100100100100100100100100100100100100100100100100100100100100
117100100100100100100100100100100100100100100100100100100100100100100100100100100100100100100100100100100100100100100100100
116100100100100100100100100100100100100100100100100100100100100100100100100100100100100100100100100100100100100100100100100
115100100100100100100100100100100100100100100100100100100100100100100100100100100100100100100100100100100100100100100100100
114100100100100100100100100100100100100100100100100100100100100100100100100100100100100100100100100100100100100100100100100
113100100100100100100100100100100100100100100100100100100100100100100100100100100100100100100100100100100100100100100100100
112100100100100100100100100100100100100100100100100100100100100100100100100100100100100100100100100100100100100100100100100
111100100100100100100100100100100100100100100100100100100100100100100100100100100100100100100100100100100100100100100100100
110100100100100100100100100100100100100100100100100100100100100100100100100100100100100100100100100100100100100100100100100
109100100100100100100100100100100100100100100100100100100100100100100100100100100100100100100100100100100100100100100100100
108100100100100100100100100100100100100100100100100100100100100100100100100100100100100100100100100100100100100100100100100
107100100100100100100100100100100100100100100100100100100100100100100100100100100100100100100100100100100100100100100100100
106100100100100100100100100100100100100100100100100100100100100100100100100100100100100100100100100100100100100100100100100
105100100100100100100100100100100100100100100100100100100100100100100100100100100100100100100100100100100100100100100100100
104100100100100100100100100100100100100100100100100100100100100100100100100100100100100100100100100100100100100100100100100
103100100100100100100100100100100100100100100100100100100100100100100100100100100100100100100100100100100100100100100100100
102100100100100100100100100100100100100100100100100100100100100100100100100100100100100100100100100100100100100100100100100
101100100100100100100100100100100100100100100100100100100100100100100100100100100100100100100100100100100100100100100100100
100100100100100100100100100100100100100100100100100100100100100100100100100100100100100100100100100100100100100100100100100
 99100100100100100100100100100100100100100100100100100100100100100100100100100100100100100100100100100100100100100100100100
 98100100100100100100100100100100100100100100100100100100100100100100100100100100100100100100100100100100100100100100100100
 97100100100100100100100100100100100100100100100100100100100100100100100100100100100100100100100100100100100100100100100100
 96100100100100100100100100100100100100100100100100100100100100100100100100100100100100100100100100100100100100100100100100
 95100100100100100100100100100100100100100100100100100100100100100100100100100100100100100100100100100100100100100100100100
 94100100100100100100100100100100100100100100100100100100100100100100100100100100100100100100100100100100100100100100100100
 93100100100100100100100100100100100100100100100100100100100100100100100100100100100100100100100100100100100100100100100100
 92100100100100100100 96 69100100100100100100100100100100100100100100100100 96 96 69 31  4  0  0  0  0  0  0  0  0  0  0  0
 91100100100100100 96 69 31  4100100100100100100100100100100100100100100100100 96 69 31  4  0  0  0  0  0  0  0  0  0  0  0
 90100100100100 96 69 31  4  0100100100100100100100100100100100100100100100100 96 69 31  4  0  0  0  0  0  0  0  0  0  0  0
 89100100100100 96 69 31  4  0  0100100100100100100100100100100100100100100100 96 96 69 31  4  0  0  0  0  0  0  0  0  0  0
 88100100100100 96 69 31  4  0  0100100100100100100100100100100100100100100100100 96 69 31  4  0  0  0  0  0  0  0  0  0  0
 87100100100 96 96 69 31  4  0  0100100100100100100100100100100100100100100100100 96 96 69 31  4  0  0  0  0  0  0  0  0  0
 86100100100 96 96 69 31  4  0  0100100100100100100100100100100100100100100100100100 96 69 31  4  0  0  0  0  0  0  0  0  0
 85 31100100100 96 69 31  4  0  0  0100100100100100100100100100100100100100100100100 96 69 31  4  0  0  0  0  0  0  0  0  0
 84 69100100100 96 69 31  4  0  0  0100100100100100100100100100100100100100100100 96 96 69 31  4  0  0  0  0  0  0  0  0  0
 83 96100100 96 96 69 31  4  0  0  0  0100100100100100100100100100100100100100100 96 69 31  4  0  0  0  0  0  0  0  0  0  0
 82 69 96 96 69 31  4  0  0  0100  0  0100100100100100100100100100100100 96 96 96 96 69 31  4  0  0  0  0  0  0  0  0  0  0
 81 31 69 31  4  0  0  0  0  0  0100100100100100100100100100100100100 96 96 69 69 31 31  4  0  0  0  0  0  0  0  0  0  0  0
 80  4 31  4  0  0  0  0  0  0  0100100100100100100100100100100100100 96 69 69 69 69 69 69 31  4  0  0  0  0  0  0  0  0  0
 79  0  4  0  0  0  0  0  0  0  0100100100100100100100100100100100100 96 69 69 96 96 96 96 69 31  4  0  0  0  0  0  0  0  0
 78  0  0  0  0  0  0  0  0  0  0  0100100100100100100100100100100100 96 96 96100100100 96 69 31  4  0  0  0  0  0  0  0  0
 77  0  0  0  0  0  0  0  0  0  0  0100100100100100100100100100100100 96 96 96100100100 96 69 31  4  0  0  0  0  0  0  0  0
 76  0  0  0  0  0  0  0  0  0  0  0100100100100100100100100100100100 96 96 96100100100 96 69 31  4  0  0  0  0  0  0  0  0
 75  0  0  0  0  0  0  0  0  0  0  0100100100100100100100100100100100100100100100100100 96 69 69 31  4  0  0  0  0  0  0  0
 74  0  0  0  0  0  0  0  0  0  0  0100100100100100100100100100100100100100100100100100 96 96 96 69 31  4  0  0  0  0  0  0
 73  0  0  0  0  0  0  0  0  0  0  0  0100100100100100100100100100100100100100100100100100100 96 96 69 31  4  0  0  0  0  0
 72  0  0  0  0  0  0  0  0  0  0  0  0100100100100100100100100100100100100100100100100100100100 96 69 69 31  4  4  4  4  4
 71  0  0  0  0  0  0  0  0  0  0  0  0100100100100100100100100100100100100100100100100100100100 96 69 96 69 31 31 31 31 31
 70  0  0  0  0  0  0  0  0  0  0  0  0100100100100100100100100100100100100100100100100100100100100100 96 96 69 69 69 69 69
 69  0  0  0  0  0  0  0  0  0  0  0  0100100100100100100100100100100100100100100100100100100100100100100 96 96 96 96 96 96
 68  0  0  0  0  0  0  0  0  0  0  0  0100100100100100100100100100100100100100100100100100100100100100100100100100100100 96
 67  0  0  0  0  0  0  0  0  0  0  0  0  0100100100100100100100100100100100100100100100100100100100100100100100100100100100
 66  0  0  0  0  0  0  0  0  0  0  0  0  0100100100100100100100100100100100100100100100100100100100100100100100100100100100
 65  0  0  0  0  0  0  0  0  0  0  0  0  0  0100100100100100100100100100100100100100100100100100100100100100100100100100100
 64  0  0  0  0  0  0  0  0  0  0  0  0  0  0100100100100100100100100100100100100100100100100100100100100100100100100100100
 63  0  0  0  0  0  0  0  0  0  0  0  0  0  0  0  0  0100100100100100100100100100100100100100100100100100100100100100100100
 62  0  0  0  0  0  0  0  0  0  0  0  0  0  0  0  0  0  0  0  4 31 69 96100100100100100100100100100100100100100100100 96 96
 61  0  0  0  0  0  0  0  0  0  0  0  0  0  0  0  0  0  0  0  4 31 69 96100100100100100100100100100100100100 96 96 96 69 69
 60  0  0  0  0  0  0  0  0  0  0  0  0  0  0  0  0  0  0  0  4 31 69 96100100100100100100100100100100100100 96 96 69 31 31
 59  0  0  0  0  0  0  0  0  0  0  0  0  0  0  0  0  0  0  0  4 31 69 96100100100100100100100100100100100100 96 96 69 31  4
 58  0  0  0  0  0  0  0  0  0  0  0  0  0  0  0  0  0  0  0  4 31 69 96100100100100100100100100100100100100100 96 69 31  4
 57  0  0  0  0  0  0  0  0  0  0  0  0  0  0  0  0  0  0  0  4 31 69 96100100100100100100100100100100100100100100 96 69 31
 56  0  0  0  0  0  0  0  0  0  0  0  0  0  0  0  0  0  0  0  4100100100100100100100100100100100100100100100100100100 96 69
 55100100100100100100100100100100100100100100100100100100100100100100100100100100100100100100100100100100100100100100100100
 54100100100100100100100100100100100100100100100100100100100100100100100100100100100100100100100100100100100100100100100100
 53100100100100100100100100100100100100100100100100100100100100100100100100100100100100100100100100100100100100100100100100
 52100100100100100100100100100100100100100100100100100100100100100100100100100100100100100100100100100100100100100100100100
 51100100100100100100100100100100100100100100100100100100100100100100100100100100100100100100100100100100100100100100100100
 50100100100100100100100100100100100100100100100100100100100100100100100100100100100100100100100100100100100100100100100100
 49100100100100100100100100100100100100100100100100100100100100100100100100100100100100100100100100100100100100100100100100
 48100100100100100100100100100100100100100100100100100100100100100100100100100100100100100100100100100100100100100100100100
 47100100100100100100100100100100100100100100100100100100100100100100100100100100100100100100100100100100100100100100100100
 46100100100100100100100100100100100100100100100100100100100100100100100100100100100100100100100100100100100100100100100100
 45100100100100100100100100100100100100100100100100100100100100100100100100100100100100100100100100100100100100100100100100
 44100100100100100100100100100100100100100100100100100100100100100100100100100100100100100100100100100100100100100100100100
 43100100100100100100100100100100100100100100100100100100100100100100100100100100100100100100100100100100100100100100100100
 42100100100100100100100100100100100100100100100100100100100100100100100100100100100100100100100100100100100100100100100100
 41100100100100100100100100100100100100100100100100100100100100100100100100100100100100100100100100100100100100100100100100
 40100100100100100100100100100100100100100100100100100100100100100100100100100100100100100100100100100100100100100100100100
 39100100100100100100100100100100100100100100100100100100100100100100100100100100100100100100100100100100100100100100100100
 38100100100100100100100100100100100100100100100100100100100100100100100100100100100100100100100100100100100100100100100100
 37100100100100100100100100100100100100100100100100100100100100100100100100100100100100100100100100100100100100100100100100
 36100100100100100100100100100100100100100100100100100100100100100100100100100100100100100100100100100100100100100100100100
 35100100100100100100100100100100100100100100100100100100100100100100100100100100100100100100100100100100100100100100100100
 34100100100100100100100100100100100100100100100100100100100100100100100100100100100100100100100100100100100100100100100100
 33100100100100100100100100100100100100100100100100100100100100100100100100100100100100100100100100100100100100100100100100
 32100100100100100100100100100100100100100100100100100100100100100100100100100100100100100100100100100100100100100100100100
 31100100100100100100100100100100100100100100100100100100100100100100100100100100100100100100100100100100100100100100100100
 30100100100100100100100100100100100100100100100100100100100100100100100100100100100100100100100100100100100100100100100100
 29100100100100100100100100100100100100100100100100100100100100100100100100100100100100100100100100100100100100100100100100
 28100100100100100100100100100100100100100100100100100100100100100100100100100100100100100100100100100100100100100100100100
 27100100100100100100100100100100100100100100100100100100100100100100100100100100100100100100100100100100100100100100100100
 26100100100100100100100100100100100100100100100100100100100100100100100100100100100100100100100100100100100100100100100100
 25100100100100100100100100100100100100100100100100100100100100100100100100100100100100100100100100100100100100100100100100
 24100100100100100100100100100100100100100100100100100100100100100100100100100100100100100100100100100100100100100100100100
 23100100100100100100100100100100100100100100100100100100100100100100100100100100100100100100100100100100100100100100100100
 22100100100100100100100100100100100100100100100100100100100100100100100100100100100100100100100100100100100100100100100100
 21100100100100100100100100100100100100100100100100100100100100100100100100100100100100100100100100100100100100100100100100
 20100100100100100100100100100100100100100100100100100100100100100100100100100100100100100100100100100100100100100100100100
 19100100100100100100100100100100100100100100100100100100100100100100100100100100100100100100100100100100100100100100100100
 18100100100100100100100100100100100100100100100100100100100100100100100100100100100100100100100100100100100100100100100100
 17100100100100100100100100100100100100100100100100100100100100100100100100100100100100100100100100100100100100100100100100
 16100100100100100100100100100100100100100100100100100100100100100100100100100100100100100100100100100100100100100100100100
 15100100100100100100100100100100100100100100100100100100100100100100100100100100100100100100100100100100100100100100100100
 14100100100100100100100100100100100100100100100100100100100100100100100100100100100100100100100100100100100100100100100100
 13100100100100100100100100100100100100100100100100100100100100100100100100100100100100100100100100100100100100100100100100
 12100100100100100100100100100100100100100100100100100100100100100100100100100100100100100100100100100100100100100100100100
 11100100100100100100100100100100100100100100100100100100100100100100100100100100100100100100100100100100100100100100100100
 10100100100100100100100100100100100100100100100100100100100100100100100100100100100100100100100100100100100100100100100100
  9100100100100100100100100100100100100100100100100100100100100100100100100100100100100100100100100100100100100100100100100
  8100100100100100100100100100100100100100100100100100100100100100100100100100100100100100100100100100100100100100100100100
  7100100100100100100100100100100100100100100100100100100100100100100100100100100100100100100100100100100100100100100100100
  6100100100100100100100100100100100100100100100100100100100100100100100100100100100100100100100100100100100100100100100100
  5100100100100100100100100100100100100100100100100100100100100100100100100100100100100100100100100100100100100100100100100
  4100100100100100100100100100100100100100100100100100100100100100100100100100100100100100100100100100100100100100100100100
  3100100100100100100100100100100100100100100100100100100100100100100100100100100100100100100100100100100100100100100100100
  2100100100100100100100100100100100100100100100100100100100100100100100100100100100100100100100100100100100100100100100100
  1100100100100100100100100100100100100100100100100100100100100100100100100100100100100100100100100100100100100100100100100


    41             46             51             56             61             66             71             76


149100100100100100100100100100100100100100100100100100100100100100100100100100100100100100100100100100100100100100100100100
148100100100100100100100100100100100100100100100100100100100100100100100100100100100100100100100100100100100100100100100100
147100100100100100100100100100100100100100100100100100100100100100100100100100100100100100100100100100100100100100100100100
146100100100100100100100100100100100100100100100100100100100100100100100100100100100100100100100100100100100100100100100100
145100100100100100100100100100100100100100100100100100100100100100100100100100100100100100100100100100100100100100100100100
144100100100100100100100100100100100100100100100100100100100100100100100100100100100100100100100100100100100100100100100100
143100100100100100100100100100100100100100100100100100100100100100100100100100100100100100100100100100100100100100100100100
142100100100100100100100100100100100100100100100100100100100100100100100100100100100100100100100100100100100100100100100100
141100100100100100100100100100100100100100100100100100100100100100100100100100100100100100100100100100100100100100100100100
140100100100100100100100100100100100100100100100100100100100100100100100100100100100100100100100100100100100100100100100100
139100100100100100100100100100100100100100100100100100100100100100100100100100100100100100100100100100100100100100100100100
138100100100100100100100100100100100100100100100100100100100100100100100100100100100100100100100100100100100100100100100100
137100100100100100100100100100100100100100100100100100100100100100100100100100100100100100100100100100100100100100100100100
136100100100100100100100100100100100100100100100100100100100100100100100100100100100100100100100100100100100100100100100100
135100100100100100100100100100100100100100100100100100100100100100100100100100100100100100100100100100100100100100100100100
134100100100100100100100100100100100100100100100100100100100100100100100100100100100100100100100100100100100100100100100100
133100100100100100100100100100100100100100100100100100100100100100100100100100100100100100100100100100100100100100100100100
132100100100100100100100100100100100100100100100100100100100100100100100100100100100100100100100100100100100100100100100100
131100100100100100100100100100100100100100100100100100100100100100100100100100100100100100100100100100100100100100100100100
130100100100100100100100100100100100100100100100100100100100100100100100100100100100100100100100100100100100100100100100100
129100100100100100100100100100100100100100100100100100100100100100100100100100100100100100100100100100100100100100100100100
128100100100100100100100100100100100100100100100100100100100100100100100100100100100100100100100100100100100100100100100100
127100100100100100100100100100100100100100100100100100100100100100100100100100100100100100100100100100100100100100100100100
126100100100100100100100100100100100100100100100100100100100100100100100100100100100100100100100100100100100100100100100100
125100100100100100100100100100100100100100100100100100100100100100100100100100100100100100100100100100100100100100100100100
124100100100100100100100100100100100100100100100100100100100100100100100100100100100100100100100100100100100100100100100100
123100100100100100100100100100100100100100100100100100100100100100100100100100100100100100100100100100100100100100100100100
122100100100100100100100100100100100100100100100100100100100100100100100100100100100100100100100100100100100100100100100100
121100100100100100100100100100100100100100100100100100100100100100100100100100100100100100100100100100100100100100100100100
120100100100100100100100100100100100100100100100100100100100100100100100100100100100100100100100100100100100100100100100100
119100100100100100100100100100100100100100100100100100100100100100100100100100100100100100100100100100100100100100100100100
118100100100100100100100100100100100100100100100100100100100100100100100100100100100100100100100100100100100100100100100100
117100100100100100100100100100100100100100100100100100100100100100100100100100100100100100100100100100100100100100100100100
116100100100100100100100100100100100100100100100100100100100100100100100100100100100100100100100100100100100100100100100100
115100100100100100100100100100100100100100100100100100100100100100100100100100100100100100100100100100100100100100100100100
114100100100100100100100100100100100100100100100100100100100100100100100100100100100100100100100100100100100100100100100100
113100100100100100100100100100100100100100100100100100100100100100100100100100100100100100100100100100100100100100100100100
112100100100100100100100100100100100100100100100100100100100100100100100100100100100100100100100100100100100100100100100100
111100100100100100100100100100100100100100100100100100100100100100100100100100100100100100100100100100100100100100100100100
110100100100100100100100100100100100100100100100100100100100100100100100100100100100100100100100100100100100100100100100100
109100100100100100100100100100100100100100100100100100100100100100100100100100100100100100100100100100100100100100100100100
108100100100100100100100100100100100100100100100100100100100100100100100100100100100100100100100100100100100100100100100100
107100100100100100100100100100100100100100100100100100100100100100100100100100100100100100100100100100100100100100100100100
106100100100100100100100100100100100100100100100100100100100100100100100100100100100100100100100100100100100100100100100100
105100100100100100100100100100100100100100100100100100100100100100100100100100100100100100100100100100100100100100100100100
104100100100100100100100100100100100100100100100100100100100100100100100100100100100100100100100100100100100100100100100100
103100100100100100100100100100100100100100100100100100100100100100100100100100100100100100100100100100100100100100100100100
102100100100100100100100100100100100100100100100100100100100100100100100100100100100100100100100100100100100100100100100100
101100100100100100100100100100100100100100100100100100100100100100100100100100100100100100100100100100100100100100100100100
100100100100100100100100100100100100100100100100100100100100100100100100100100100100100100100100100100100100100100100100100
 99100100100100100100100100100100100100100100100100100100100100100100100100100100100100100100100100100100100100100100100100
 98100100100100100100100100100100100100100100100100100100100100100100100100100100100100100100100100100100100100100100100100
 97100100100100100100100100100100100100100100100100100100100100100100100100100100100100100100100100100100100100100100100100
 96100100100100100100100100100100100100100100100100100100100100100100100100100100100100100100100100100100100100100100100100
 95100100100100100100100100100100100100100100100100100100100100100100100100100100100100100100100100100100100100100100100100
 94100100100100100100100100100100100100100100100100100100100100100100100100100100100100100100100100100100100100100100100100
 93100100100100100100100100100100100100100100100100100100100100100100100100100100100100100100100100100100100100100100100100
 92  0  0  0  0  0  0  0  0  0  0  0  0  0  0  0  0  0  0  0  0  0  0  0  0  0  0  0  0  0  0  0  0  0  0  0  0  0  0  0  0
 91  0  0  0  0  0  0  0  0  0  0  0  0  0  0  0  0  0  0  0  0  0  0  0  0  0  0  0  0  0  0  0  0  0  0  0  0  0  0  0  0
 90  0  0  0  0  0  0  0  0  0  0  0  0  0  0  0  0  0  0  0  0  0  0  0  0  0  0  0  0  0  0  0  0  0  0  0  0  0  0  0  0
 89  0  0  0  0  0  0  0  0  0  0  0  0  0  0  0  0  0  0  0  0  0  0  0  0  0  0  0  0  0  0  0  0  0  0  0  0  0  0  0  0
 88  0  0  0  0  0  0  0  0  0  0  0  0  0  0  0  0  0  0  0  0  0  0  0  0  0  0  0  0  0  0  0  0  0  0  0  0  0  0  0  0
 87  0  0  0  0  0  0  0  0  0  0  0  0  0  0  0  0  0  0  0  0  0  0  0  0  0  0  0  0  0  0  0  0  0  0  0  0  0  0  0  0
 86  0  0  0  0  0  0  0  0  0  0  0  0  0  0  0  0  0  0  0  0  0  0  0  0  0  0  0  0  0  0  0  0  0  0  0  0  0  0  0  0
 85  0  0  0  0  0  0  0  0  0  0  0  0  0  0  0  0  0  0  0  0  0  0  0  0  0  0  0  0  0  0  0  0  0  0  0  0  0  0  0  0
 84  0  0  0  0  0  0  0  0  0  0  0  0  0  0  0  0  0  0  0  0  0  0  0  0  0  0  0  0  0  0  0  0  0  0  0  0  0  0  0  0
 83  0  0  0  0  0  0  0  0  0  0  0  0  0  0  0  0  0  0  0  0  0  0  0  0  0  0  0  0  0  0  0  0  0  0  0  0  0  0  0  0
 82  0  0  0  0  0  0  0  0  0  0  0  0  0  0  0  0  0  0  0  0  0  0  0  0  0  0  0  0  0  0  0  0  0  0  0  0  0  0  0  0
 81  0  0  0  0  0  0  0  0  0  0  0  0  0  0  0  0  0  0  0  0  0  0  0  0  0  0  0  0  0  0  0  0  0  0  0  0  0  0  0  0
 80  0  0  0  0  0  0  0  0  0  0  0  0  0  0  0  0  0  0  0  0  0  0  0  0  0  0  0  0  0  0  0  0  0  0  0  0  0  0  0  0
 79  0  0  0  0  0  0  0  0  0  0  0  0  0  0  0  0  0  0  0  0  0  0  0  0  0  0  0  0  0  0  0  0  0  0  0  0  0  0  0  0
 78  0  0  0  0  0  0  0  0  0  0  0  0  0  0  0  0  0  0  0  0  0  0  0  0  0  0  0  0  0  0  0  0  0  0  0  0  0  0  0  0
 77  0  0  0  0  0  0  0  0  0  0  0  0  0  0  0  0  0  0  0  0  0  0  0  0  0  0  0  0  0  0  0  0  0  0  0  0  0  0  0  0
 76  0  0  0  0  0  0  0  0  0  0  0  0  0  0  0  0  0  0  0  0  0  0  0  0  0  0  0  0  0  0  0  0  0  0  0  0  0  0  0  0
 75  0  0  0  0  0  0  0  0  0  0  0  0  0  0  0  0  0  0  0  0  0  0  0  0  0  0  0  0  0  0  0  0  0  0  0  0  0  0  0  0
 74  0  0  0  0  0  0  0  0  0  0  0  0  0  0  0  0  0  0  0  0  0  0  0  0  0  0  0  0  0  0  0  0  0  0  0  0  0  0  0  0
 73  0  0  0  0  0  0  0  0  0  0  0  0  0  0  0  0  0  0  0  0  0  0  0  0  0  0  0  0  0  0  0  0  0  0  0  0  0  0  0  0
 72  0  0  0  0  0  0  0  0  0  0  0  0  0  0  0  0  0  0  0  0  0  0  0  0  0  0  0  0  0  0  0  0  0  0  0  0  0  0  0  0
 71  4  4  4  0  0  0  0  0  0  0  0  0  0  0  0  0  0  0  0  0  0  0  0  0  0  0  0  0  0  0  0  0  0  0  0  0  0  0  0  0
 70 31 31  4  0  0  0  0  0  0  0  0  0  0  0  0  0  0  0  0  0  0  0  0  0  0  0  0  0  0  0  0  0  0  0  0  0  0  0  0  0
 69 69 31  4  0  0  0  0  0  0  0  0  0  0  0  0  0  0  0  0  0  0  0  0  0  0  0  0  0  0  0  0  0  0  0  0  0  0  0  0  0
 68 69 31 31  4  0  0  0  0  0  0  0  0  0  0  0  0  0  0  0  0  0  0  0  0  0  0  0  0  0  0  0  0  0  0  0  0  0  0  0  0
 67 96 69 31  4  0  0  0  0  0  0  0  0  0  0  0  0  0  0  0  0  0  0  0  0  0  0  0  0  0  0  0  0  0  0  0  0  0  0  0  0
 66 96 69 31  4  0  0  0  0  0  0  0  0  0  0  0  0  0  0  0  0  0  0  0  0  0  0  0  0  0  0  0  0  0  0  0  0  0  0  0  0
 65 96 69 31  4  0  0  0  0  0  0  0  0  0  0  0  0  0  0  0  0  0  0  0  0  0  0  0  0  0  0  0  0  0  0  0  0  0  0  0  0
 64 96 69 31  4  0  0  0  0  0  0  0  0  0  0  0  0  0  0  0  0  0  0  0  0  0  0  0  0  0  0  0  0  0  0  0  0  0  0  0  0
 63 96 69 31  4  0  0  0  0  0  0  0  0  0  0  0  0  0  0  0  0  0  0  0  0  0  0  0  0  0  0  0  0  0  0  0  0  0  0  0  0
 62 69 31  4  0  0  0  0  0  0  0  0  0  0  0  0  0  0  0  0  0  0  0  0  0  0  0  0  0  0  0  0  0  0  0  0  0  0  0  0  0
 61 31  4  0  0  0  0  0  0  0  0  0  0  0  0  0  0  0  0  0  0  0  0  0  0  0  0  0  0  0  0  0  0  0  0  0  0  0  0  0  0
 60  4  0  0  0  0  0  0  0  0  0  0  0  0  0  0  0  0  0  0  0  0  0  0  0  0  0  0  0  0  0  0  0  0  0  0  0  0  0  0  0
 59  0  0  0  0  0  0  0  0  0  0  0  0  0  0  0  0  0  0  0  0  0  0  0  0  0  0  0  0  0  0  0  0  0  0  0  0  0  0  0  0
 58  0  0  0  0  0  0  0  0  0  0  0  0  0  0  0  0  0  0  0  0  0  0  0  0  0  0  0  0  0  0  0  0  0  0  0  0  0  0  0  0
 57  4  0  0  0  0  0  0  0  0  0  0  0  0  0  0  0  0  0  0  0  0  0  0  0  0  0  0  0  0  0  0  0  0  0  0  0  0  0  0  0
 56 31  4  0  0  0  0  0  0  0  0  0  0  0  0  0  0  0  0  0  0  0  0  0  0  0  0  0  0  0  0  0  0  0  0  0  0  0  0  0  0
 55100100100100100100100100100100100100100100100100100100100100100100100100100100100100100100100100100100100100100100100100
 54100100100100100100100100100100100100100100100100100100100100100100100100100100100100100100100100100100100100100100100100
 53100100100100100100100100100100100100100100100100100100100100100100100100100100100100100100100100100100100100100100100100
 52100100100100100100100100100100100100100100100100100100100100100100100100100100100100100100100100100100100100100100100100
 51100100100100100100100100100100100100100100100100100100100100100100100100100100100100100100100100100100100100100100100100
 50100100100100100100100100100100100100100100100100100100100100100100100100100100100100100100100100100100100100100100100100
 49100100100100100100100100100100100100100100100100100100100100100100100100100100100100100100100100100100100100100100100100
 48100100100100100100100100100100100100100100100100100100100100100100100100100100100100100100100100100100100100100100100100
 47100100100100100100100100100100100100100100100100100100100100100100100100100100100100100100100100100100100100100100100100
 46100100100100100100100100100100100100100100100100100100100100100100100100100100100100100100100100100100100100100100100100
 45100100100100100100100100100100100100100100100100100100100100100100100100100100100100100100100100100100100100100100100100
 44100100100100100100100100100100100100100100100100100100100100100100100100100100100100100100100100100100100100100100100100
 43100100100100100100100100100100100100100100100100100100100100100100100100100100100100100100100100100100100100100100100100
 42100100100100100100100100100100100100100100100100100100100100100100100100100100100100100100100100100100100100100100100100
 41100100100100100100100100100100100100100100100100100100100100100100100100100100100100100100100100100100100100100100100100
 40100100100100100100100100100100100100100100100100100100100100100100100100100100100100100100100100100100100100100100100100
 39100100100100100100100100100100100100100100100100100100100100100100100100100100100100100100100100100100100100100100100100
 38100100100100100100100100100100100100100100100100100100100100100100100100100100100100100100100100100100100100100100100100
 37100100100100100100100100100100100100100100100100100100100100100100100100100100100100100100100100100100100100100100100100
 36100100100100100100100100100100100100100100100100100100100100100100100100100100100100100100100100100100100100100100100100
 35100100100100100100100100100100100100100100100100100100100100100100100100100100100100100100100100100100100100100100100100
 34100100100100100100100100100100100100100100100100100100100100100100100100100100100100100100100100100100100100100100100100
 33100100100100100100100100100100100100100100100100100100100100100100100100100100100100100100100100100100100100100100100100
 32100100100100100100100100100100100100100100100100100100100100100100100100100100100100100100100100100100100100100100100100
 31100100100100100100100100100100100100100100100100100100100100100100100100100100100100100100100100100100100100100100100100
 30100100100100100100100100100100100100100100100100100100100100100100100100100100100100100100100100100100100100100100100100
 29100100100100100100100100100100100100100100100100100100100100100100100100100100100100100100100100100100100100100100100100
 28100100100100100100100100100100100100100100100100100100100100100100100100100100100100100100100100100100100100100100100100
 27100100100100100100100100100100100100100100100100100100100100100100100100100100100100100100100100100100100100100100100100
 26100100100100100100100100100100100100100100100100100100100100100100100100100100100100100100100100100100100100100100100100
 25100100100100100100100100100100100100100100100100100100100100100100100100100100100100100100100100100100100100100100100100
 24100100100100100100100100100100100100100100100100100100100100100100100100100100100100100100100100100100100100100100100100
 23100100100100100100100100100100100100100100100100100100100100100100100100100100100100100100100100100100100100100100100100
 22100100100100100100100100100100100100100100100100100100100100100100100100100100100100100100100100100100100100100100100100
 21100100100100100100100100100100100100100100100100100100100100100100100100100100100100100100100100100100100100100100100100
 20100100100100100100100100100100100100100100100100100100100100100100100100100100100100100100100100100100100100100100100100
 19100100100100100100100100100100100100100100100100100100100100100100100100100100100100100100100100100100100100100100100100
 18100100100100100100100100100100100100100100100100100100100100100100100100100100100100100100100100100100100100100100100100
 17100100100100100100100100100100100100100100100100100100100100100100100100100100100100100100100100100100100100100100100100
 16100100100100100100100100100100100100100100100100100100100100100100100100100100100100100100100100100100100100100100100100
 15100100100100100100100100100100100100100100100100100100100100100100100100100100100100100100100100100100100100100100100100
 14100100100100100100100100100100100100100100100100100100100100100100100100100100100100100100100100100100100100100100100100
 13100100100100100100100100100100100100100100100100100100100100100100100100100100100100100100100100100100100100100100100100
 12100100100100100100100100100100100100100100100100100100100100100100100100100100100100100100100100100100100100100100100100
 11100100100100100100100100100100100100100100100100100100100100100100100100100100100100100100100100100100100100100100100100
 10100100100100100100100100100100100100100100100100100100100100100100100100100100100100100100100100100100100100100100100100
  9100100100100100100100100100100100100100100100100100100100100100100100100100100100100100100100100100100100100100100100100
  8100100100100100100100100100100100100100100100100100100100100100100100100100100100100100100100100100100100100100100100100
  7100100100100100100100100100100100100100100100100100100100100100100100100100100100100100100100100100100100100100100100100
  6100100100100100100100100100100100100100100100100100100100100100100100100100100100100100100100100100100100100100100100100
  5100100100100100100100100100100100100100100100100100100100100100100100100100100100100100100100100100100100100100100100100
  4100100100100100100100100100100100100100100100100100100100100100100100100100100100100100100100100100100100100100100100100
  3100100100100100100100100100100100100100100100100100100100100100100100100100100100100100100100100100100100100100100100100
  2100100100100100100100100100100100100100100100100100100100100100100100100100100100100100100100100100100100100100100100100
  1100100100100100100100100100100100100100100100100100100100100100100100100100100100100100100100100100100100100100100100100


    81             86             91             96            101            106            111            116


149100100100100100100100100100100100100100100100100100100100100100100100100100100100100100100100100100100100100100100100100
148100100100100100100100100100100100100100100100100100100100100100100100100100100100100100100100100100100100100100100100100
147100100100100100100100100100100100100100100100100100100100100100100100100100100100100100100100100100100100100100100100100
146100100100100100100100100100100100100100100100100100100100100100100100100100100100100100100100100100100100100100100100100
145100100100100100100100100100100100100100100100100100100100100100100100100100100100100100100100100100100100100100100100100
144100100100100100100100100100100100100100100100100100100100100100100100100100100100100100100100100100100100100100100100100
143100100100100100100100100100100100100100100100100100100100100100100100100100100100100100100100100100100100100100100100100
142100100100100100100100100100100100100100100100100100100100100100100100100100100100100100100100100100100100100100100100100
141100100100100100100100100100100100100100100100100100100100100100100100100100100100100100100100100100100100100100100100100
140100100100100100100100100100100100100100100100100100100100100100100100100100100100100100100100100100100100100100100100100
139100100100100100100100100100100100100100100100100100100100100100100100100100100100100100100100100100100100100100100100100
138100100100100100100100100100100100100100100100100100100100100100100100100100100100100100100100100100100100100100100100100
137100100100100100100100100100100100100100100100100100100100100100100100100100100100100100100100100100100100100100100100100
136100100100100100100100100100100100100100100100100100100100100100100100100100100100100100100100100100100100100100100100100
135100100100100100100100100100100100100100100100100100100100100100100100100100100100100100100100100100100100100100100100100
134100100100100100100100100100100100100100100100100100100100100100100100100100100100100100100100100100100100100100100100100
133100100100100100100100100100100100100100100100100100100100100100100100100100100100100100100100100100100100100100100100100
132100100100100100100100100100100100100100100100100100100100100100100100100100100100100100100100100100100100100100100100100
131100100100100100100100100100100100100100100100100100100100100100100100100100100100100100100100100100100100100100100100100
130100100100100100100100100100100100100100100100100100100100100100100100100100100100100100100100100100100100100100100100100
129100100100100100100100100100100100100100100100100100100100100100100100100100100100100100100100100100100100100100100100100
128100100100100100100100100100100100100100100100100100100100100100100100100100100100100100100100100100100100100100100100100
127100100100100100100100100100100100100100100100100100100100100100100100100100100100100100100100100100100100100100100100100
126100100100100100100100100100100100100100100100100100100100100100100100100100100100100100100100100100100100100100100100100
125100100100100100100100100100100100100100100100100100100100100100100100100100100100100100100100100100100100100100100100100
124100100100100100100100100100100100100100100100100100100100100100100100100100100100100100100100100100100100100100100100100
123100100100100100100100100100100100100100100100100100100100100100100100100100100100100100100100100100100100100100100100100
122100100100100100100100100100100100100100100100100100100100100100100100100100100100100100100100100100100100100100100100100
121100100100100100100100100100100100100100100100100100100100100100100100100100100100100100100100100100100100100100100100100
120100100100100100100100100100100100100100100100100100100100100100100100100100100100100100100100100100100100100100100100100
119100100100100100100100100100100100100100100100100100100100100100100100100100100100100100100100100100100100100100100100100
118100100100100100100100100100100100100100100100100100100100100100100100100100100100100100100100100100100100100100100100100
117100100100100100100100100100100100100100100100100100100100100100100100100100100100100100100100100100100100100100100100100
116100100100100100100100100100100100100100100100100100100100100100100100100100100100100100100100100100100100100100100100100
115100100100100100100100100100100100100100100100100100100100100100100100100100100100100100100100100100100100100100100100100
114100100100100100100100100100100100100100100100100100100100100100100100100100100100100100100100100100100100100100100100100
113100100100100100100100100100100100100100100100100100100100100100100100100100100100100100100100100100100100100100100100100
112100100100100100100100100100100100100100100100100100100100100100100100100100100100100100100100100100100100100100100100100
111100100100100100100100100100100100100100100100100100100100100100100100100100100100100100100100100100100100100100100100100
110100100100100100100100100100100100100100100100100100100100100100100100100100100100100100100100100100100100100100100100100
109100100100100100100100100100100100100100100100100100100100100100100100100100100100100100100100100100100100100100100100100
108100100100100100100100100100100100100100100100100100100100100100100100100100100100100100100100100100100100100100100100100
107100100100100100100100100100100100100100100100100100100100100100100100100100100100100100100100100100100100100100100100100
106100100100100100100100100100100100100100100100100100100100100100100100100100100100100100100100100100100100100100100100100
105100100100100100100100100100100100100100100100100100100100100100100100100100100100100100100100100100100100100100100100100
104100100100100100100100100100100100100100100100100100100100100100100100100100100100100100100100100100100100100100100100100
103100100100100100100100100100100100100100100100100100100100100100100100100100100100100100100100100100100100100100100100100
102100100100100100100100100100100100100100100100100100100100100100100100100100100100100100100100100100100100100100100100100
101100100100100100100100100100100100100100100100100100100100100100100100100100100100100100100100100100100100100100100100100
100100100100100100100100100100100100100100100100100100100100100100100100100100100100100100100100100100100100100100100100100
 99100100100100100100100100100100100100100100100100100100100100100100100100100100100100100100100100100100100100100100100100
 98100100100100100100100100100100100100100100100100100100100100100100100100100100100100100100100100100100100100100100100100
 97100100100100100100100100100100100100100100100100100100100100100100100100100100100100100100100100100100100100100100100100
 96100100100100100100100100100100100100100100100100100100100100100100100100100100100100100100100100100100100100100100100100
 95100100100100100100100100100100100100100100100100100100100100100100100100100100100100100100100100100100100100100100100100
 94100100100100100100100100100100100100100100100100100100100100100100100100100100100100100100100100100100100100100100100100
 93100100100100100100100100100100100100100100100100100100100100100100100100100100100100100100100100100100100100100100100100
 92  0  0  0  0  0  0  0  0  0100100100100100100100100100100100100100100100100100100100100 96 69 31  4  0  0  0  0  0  0  0
 91  0  0  0  0  0  0  0  0  0  0  0100100100100100100100100100100100100100100100100100 96 96 69 31  4  4  0  0  0  0  0  0
 90  0  0  0  0  0  0  0  0  0  0  0  0  0100100100100100100100100100100100100 96 96 96 96 69 69 69 31 31  4  0  0  0  0  0
 89  0  0  0  0  0  0  0  0  0  0  0  0  0  0  0  0100100100100100100100100100 96 96 96 96 96 96 69 69 69 31  4  0  0  0  0
 88  0  0  0  0  0  0  0  0  0  0  0  0  0  0  0  0  0  0100100100100100100100100100100100100 96 96 96 96 69 31  4  0  0  0
 87  0  0  0  0  0  0  0  0  0  0  0  0  0  0  0  0  0  0  0100100100100100100100100100100100100100100 96 96 69 31  4  0  0
 86  0  0  0  0  0  0  0  0  0  0  0  0  0  0  0  0  0  0  0100100100100100100100100100100100100100100100 96 96 69 31  4  4
 85  0  0  0  0  0  0  0  0  0  0  0  0  0  0  0  0  0  0  0  0100100100100100100100100100100100100100100100 96 96 96 69 31
 84  0  0  0  0  0  0  0  0  0  0  0  0  0  0  0  0  0  0  0  0  0  0  0100100100100100100100100100100100100100100 96 69 31
 83  0  0  0  0  0  0  0  0  0  0  0  0  0  0  0  0  0  0  0  0  0  0  0100100100100100100100100100100100100100100100 96 69
 82  0  0  0  0  0  0  0  0  0  0  0  0  0  0  0  0  0  0  0  0  0  0  0100100100100100100100100100100100100100100100100 96
 81  0  0  0  0  0  0  0  0  0  0  0  0  0  0  0  0  0  0  0  0  0  0  0100100100100100100100100100100100100100100100100 96
 80  0  0  0  0  0  0  0  0  0  0  0  0  0  0  0  0  0  0  0  0  0  0  0100100100100100100100100100100100100100100100100 96
 79  0  0  0  0  0  0  0  0  0  0  0  0  0  0  0  0  0  0  0  0  0  0  0100100100100100100100100100100100100100100100100 96
 78  0  0  0  0  0  0  0  0  0  0  0  0  0  0  0  0  0  0  0  0  0  0100100100100100100100100100100100100100100100100100100
 77  0  0  0  0  0  0  0  0  0  0  0  0  0  0  0  0  0  0  0  0  0  0100100100100100100100100100100100100100100100100100100
 76  0  0  0  0  0  0  0  0  0  0  0  0  0  0  0  0  0  0  0  0  0  0100100100100100100100100100100100100100100100100100100
 75  0  0  0  0  0  0  0  0  0  0  0  0  0  0  0  0  0  0  0  0  0100100100100100100100100100100100100100100100100100100100
 74  0  0  0  0  0  0  0  0  0  0  0  0  0  0  0  0  0  0  0  0  0100100100100100100100100100100100100100100100100100100100
 73  0  0  0  0  0  0  0  0  0  0  0  0  0  0  0  0  0  0  0  0  0100100100100100100100100100100100100100100100100100100100
 72  0  0  0  0  0  0  0  0  0  0  0  0  0  0  0  0  0  0  0  0  0100100100100100100100100100100100100100100100100100100100
 71  0  0  0  0  0  0  0  0  0  0  0  0  0  0  0  0  0  0  0  0  0100100100100100100100100100100100100100100100100100100100
 70  0  0  0  0  0  0  0  0  0  0  0  0  0  0  0  0  0  0  0  0  0100100100100100100100100100100100100100100100100100100100
 69  0  0  0  0  0  0  0  0  0  0  0  0  0  0  0  0  0  0  0  0  0100100100100100100100100100100100100100100100100100100100
 68  0  0  0  0  0  0  0  0  0  0  0  0  0  0  0  0  0  0  0  0  0100100100100100100100100100100100100100100100100100100100
 67  0  0  0  0  0  0  0  0  0  0  0  0  0  0  0  0  0  0  0  0  0100100100100100100100100100100100100100100100100100100100
 66  0  0  0  0  0  0  0  0  0  0  0  0  0  0  0  0  0  0  0  0  0100100100100100100100100100100100100100100100100100100100
 65  0  0  0  0  0  0  0  0  0  0  0  0  0  0  0  0  0  0  0  0  0100100100100100100100100100100100100100100100100100100100
 64  0  0  0  0  0  0  0  0  0  0  0  0  0  0  0  0  0  0  0  0  0100100100100100100100100100100100100100100100100100100100
 63  0  0  0  0  0  0  0  0  0  0  0  0  0  0  0  0  0  0  0  0  0  0100100100100100100100100100100100100100100100100100100
 62  0  0  0  0  0  0  0  0  0  0  0  0  0  0  0  0  0  0  0  0  0  0100100100100100100100100100100100100100100100100100100
 61  0  0  0  0  0  0  0  0  0  0  0  0  0  0  0  0  0  0  0  0  0  0  0100100100100100100100100100100100100100100100100100
 60  0  0  0  0  0  0  0  0  0  0  0  0  0  0  0  0  0  0  0  0  0  0  0100100100100100100100100100100100100100100100100100
 59  0  0  0  0  0  0  0  0  0  0  0  0  0  0  0  0  0  0  0  0  0  0  0100100100100100100100100100100100100100100100100100
 58  0  0  0  0  0  0  0  0  0  0  0  0  0  0  0  0  0  0  0  0  0  0  0  0100100100100100100100100100100100100100100100100
 57  0  0  0  0  0  0  0  0  0  0  0  0  0  0  0  0  0  0  0  0  0  0  0  0  0  0100100100100100100100100100100100100100100
 56  0  0  0  0  0  0  0  0  0  0  0  0  0  0  0  0  0  0  0  0  0  0  0  0  0  0100100100100100100100100100100100100100100
 55100100100100100100100100100100100100100100100100100100100100100100100100100100100100100100100100100100100100100100100100
 54100100100100100100100100100100100100100100100100100100100100100100100100100100100100100100100100100100100100100100100100
 53100100100100100100100100100100100100100100100100100100100100100100100100100100100100100100100100100100100100100100100100
 52100100100100100100100100100100100100100100100100100100100100100100100100100100100100100100100100100100100100100100100100
 51100100100100100100100100100100100100100100100100100100100100100100100100100100100100100100100100100100100100100100100100
 50100100100100100100100100100100100100100100100100100100100100100100100100100100100100100100100100100100100100100100100100
 49100100100100100100100100100100100100100100100100100100100100100100100100100100100100100100100100100100100100100100100100
 48100100100100100100100100100100100100100100100100100100100100100100100100100100100100100100100100100100100100100100100100
 47100100100100100100100100100100100100100100100100100100100100100100100100100100100100100100100100100100100100100100100100
 46100100100100100100100100100100100100100100100100100100100100100100100100100100100100100100100100100100100100100100100100
 45100100100100100100100100100100100100100100100100100100100100100100100100100100100100100100100100100100100100100100100100
 44100100100100100100100100100100100100100100100100100100100100100100100100100100100100100100100100100100100100100100100100
 43100100100100100100100100100100100100100100100100100100100100100100100100100100100100100100100100100100100100100100100100
 42100100100100100100100100100100100100100100100100100100100100100100100100100100100100100100100100100100100100100100100100
 41100100100100100100100100100100100100100100100100100100100100100100100100100100100100100100100100100100100100100100100100
 40100100100100100100100100100100100100100100100100100100100100100100100100100100100100100100100100100100100100100100100100
 39100100100100100100100100100100100100100100100100100100100100100100100100100100100100100100100100100100100100100100100100
 38100100100100100100100100100100100100100100100100100100100100100100100100100100100100100100100100100100100100100100100100
 37100100100100100100100100100100100100100100100100100100100100100100100100100100100100100100100100100100100100100100100100
 36100100100100100100100100100100100100100100100100100100100100100100100100100100100100100100100100100100100100100100100100
 35100100100100100100100100100100100100100100100100100100100100100100100100100100100100100100100100100100100100100100100100
 34100100100100100100100100100100100100100100100100100100100100100100100100100100100100100100100100100100100100100100100100
 33100100100100100100100100100100100100100100100100100100100100100100100100100100100100100100100100100100100100100100100100
 32100100100100100100100100100100100100100100100100100100100100100100100100100100100100100100100100100100100100100100100100
 31100100100100100100100100100100100100100100100100100100100100100100100100100100100100100100100100100100100100100100100100
 30100100100100100100100100100100100100100100100100100100100100100100100100100100100100100100100100100100100100100100100100
 29100100100100100100100100100100100100100100100100100100100100100100100100100100100100100100100100100100100100100100100100
 28100100100100100100100100100100100100100100100100100100100100100100100100100100100100100100100100100100100100100100100100
 27100100100100100100100100100100100100100100100100100100100100100100100100100100100100100100100100100100100100100100100100
 26100100100100100100100100100100100100100100100100100100100100100100100100100100100100100100100100100100100100100100100100
 25100100100100100100100100100100100100100100100100100100100100100100100100100100100100100100100100100100100100100100100100
 24100100100100100100100100100100100100100100100100100100100100100100100100100100100100100100100100100100100100100100100100
 23100100100100100100100100100100100100100100100100100100100100100100100100100100100100100100100100100100100100100100100100
 22100100100100100100100100100100100100100100100100100100100100100100100100100100100100100100100100100100100100100100100100
 21100100100100100100100100100100100100100100100100100100100100100100100100100100100100100100100100100100100100100100100100
 20100100100100100100100100100100100100100100100100100100100100100100100100100100100100100100100100100100100100100100100100
 19100100100100100100100100100100100100100100100100100100100100100100100100100100100100100100100100100100100100100100100100
 18100100100100100100100100100100100100100100100100100100100100100100100100100100100100100100100100100100100100100100100100
 17100100100100100100100100100100100100100100100100100100100100100100100100100100100100100100100100100100100100100100100100
 16100100100100100100100100100100100100100100100100100100100100100100100100100100100100100100100100100100100100100100100100
 15100100100100100100100100100100100100100100100100100100100100100100100100100100100100100100100100100100100100100100100100
 14100100100100100100100100100100100100100100100100100100100100100100100100100100100100100100100100100100100100100100100100
 13100100100100100100100100100100100100100100100100100100100100100100100100100100100100100100100100100100100100100100100100
 12100100100100100100100100100100100100100100100100100100100100100100100100100100100100100100100100100100100100100100100100
 11100100100100100100100100100100100100100100100100100100100100100100100100100100100100100100100100100100100100100100100100
 10100100100100100100100100100100100100100100100100100100100100100100100100100100100100100100100100100100100100100100100100
  9100100100100100100100100100100100100100100100100100100100100100100100100100100100100100100100100100100100100100100100100
  8100100100100100100100100100100100100100100100100100100100100100100100100100100100100100100100100100100100100100100100100
  7100100100100100100100100100100100100100100100100100100100100100100100100100100100100100100100100100100100100100100100100
  6100100100100100100100100100100100100100100100100100100100100100100100100100100100100100100100100100100100100100100100100
  5100100100100100100100100100100100100100100100100100100100100100100100100100100100100100100100100100100100100100100100100
  4100100100100100100100100100100100100100100100100100100100100100100100100100100100100100100100100100100100100100100100100
  3100100100100100100100100100100100100100100100100100100100100100100100100100100100100100100100100100100100100100100100100
  2100100100100100100100100100100100100100100100100100100100100100100100100100100100100100100100100100100100100100100100100
  1100100100100100100100100100100100100100100100100100100100100100100100100100100100100100100100100100100100100100100100100


   121            126            131            136            141            146            151            156


149100100100100100100100100100100100100100100100100100100100100100100100100100100100100100100100100100100100100100100100100
148100100100100100100100100100100100100100100100100100100100100100100100100100100100100100100100100100100100100100100100100
147100100100100100100100100100100100100100100100100100100100100100100100100100100100100100100100100100100100100100100100100
146100100100100100100100100100100100100100100100100100100100100100100100100100100100100100100100100100100100100100100100100
145100100100100100100100100100100100100100100100100100100100100100100100100100100100100100100100100100100100100100100100100
144100100100100100100100100100100100100100100100100100100100100100100100100100100100100100100100100100100100100100100100100
143100100100100100100100100100100100100100100100100100100100100100100100100100100100100100100100100100100100100100100100100
142100100100100100100100100100100100100100100100100100100100100100100100100100100100100100100100100100100100100100100100100
141100100100100100100100100100100100100100100100100100100100100100100100100100100100100100100100100100100100100100100100100
140100100100100100100100100100100100100100100100100100100100100100100100100100100100100100100100100100100100100100100100100
139100100100100100100100100100100100100100100100100100100100100100100100100100100100100100100100100100100100100100100100100
138100100100100100100100100100100100100100100100100100100100100100100100100100100100100100100100100100100100100100100100100
137100100100100100100100100100100100100100100100100100100100100100100100100100100100100100100100100100100100100100100100100
136100100100100100100100100100100100100100100100100100100100100100100100100100100100100100100100100100100100100100100100100
135100100100100100100100100100100100100100100100100100100100100100100100100100100100100100100100100100100100100100100100100
134100100100100100100100100100100100100100100100100100100100100100100100100100100100100100100100100100100100100100100100100
133100100100100100100100100100100100100100100100100100100100100100100100100100100100100100100100100100100100100100100100100
132100100100100100100100100100100100100100100100100100100100100100100100100100100100100100100100100100100100100100100100100
131100100100100100100100100100100100100100100100100100100100100100100100100100100100100100100100100100100100100100100100100
130100100100100100100100100100100100100100100100100100100100100100100100100100100100100100100100100100100100100100100100100
129100100100100100100100100100100100100100100100100100100100100100100100100100100100100100100100100100100100100100100100100
128100100100100100100100100100100100100100100100100100100100100100100100100100100100100100100100100100100100100100100100100
127100100100100100100100100100100100100100100100100100100100100100100100100100100100100100100100100100100100100100100100100
126100100100100100100100100100100100100100100100100100100100100100100100100100100100100100100100100100100100100100100100100
125100100100100100100100100100100100100100100100100100100100100100100100100100100100100100100100100100100100100100100100100
124100100100100100100100100100100100100100100100100100100100100100100100100100100100100100100100100100100100100100100100100
123100100100100100100100100100100100100100100100100100100100100100100100100100100100100100100100100100100100100100100100100
122100100100100100100100100100100100100100100100100100100100100100100100100100100100100100100100100100100100100100100100100
121100100100100100100100100100100100100100100100100100100100100100100100100100100100100100100100100100100100100100100100100
120100100100100100100100100100100100100100100100100100100100100100100100100100100100100100100100100100100100100100100100100
119100100100100100100100100100100100100100100100100100100100100100100100100100100100100100100100100100100100100100100100100
118100100100100100100100100100100100100100100100100100100100100100100100100100100100100100100100100100100100100100100100100
117100100100100100100100100100100100100100100100100100100100100100100100100100100100100100100100100100100100100100100100100
116100100100100100100100100100100100100100100100100100100100100100100100100100100100100100100100100100100100100100100100100
115100100100100100100100100100100100100100100100100100100100100100100100100100100100100100100100100100100100100100100100100
114100100100100100100100100100100100100100100100100100100100100100100100100100100100100100100100100100100100100100100100100
113100100100100100100100100100100100100100100100100100100100100100100100100100100100100100100100100100100100100100100100100
112100100100100100100100100100100100100100100100100100100100100100100100100100100100100100100100100100100100100100100100100
111100100100100100100100100100100100100100100100100100100100100100100100100100100100100100100100100100100100100100100100100
110100100100100100100100100100100100100100100100100100100100100100100100100100100100100100100100100100100100100100100100100
109100100100100100100100100100100100100100100100100100100100100100100100100100100100100100100100100100100100100100100100100
108100100100100100100100100100100100100100100100100100100100100100100100100100100100100100100100100100100100100100100100100
107100100100100100100100100100100100100100100100100100100100100100100100100100100100100100100100100100100100100100100100100
106100100100100100100100100100100100100100100100100100100100100100100100100100100100100100100100100100100100100100100100100
105100100100100100100100100100100100100100100100100100100100100100100100100100100100100100100100100100100100100100100100100
104100100100100100100100100100100100100100100100100100100100100100100100100100100100100100100100100100100100100100100100100
103100100100100100100100100100100100100100100100100100100100100100100100100100100100100100100100100100100100100100100100100
102100100100100100100100100100100100100100100100100100100100100100100100100100100100100100100100100100100100100100100100100
101100100100100100100100100100100100100100100100100100100100100100100100100100100100100100100100100100100100100100100100100
100100100100100100100100100100100100100100100100100100100100100100100100100100100100100100100100100100100100100100100100100
 99100100100100100100100100100100100100100100100100100100100100100100100100100100100100100100100100100100100100100100100100
 98100100100100100100100100100100100100100100100100100100100100100100100100100100100100100100100100100100100100100100100100
 97100100100100100100100100100100100100100100100100100100100100100100100100100100100100100100100100100100100100100100100100
 96100100100100100100100100100100100100100100100100100100100100100100100100100100100100100100100100100100100100100100100100
 95100100100100100100100100100100100100100100100100100100100100100100100100100100100100100100100100100100100100100100100100
 94100100100100100100100100100100100100100100100100100100100100100100100100100100100100100100100100100100100100100100100100
 93100100100100100100100100100100100100100100100100100100100100100100100100100100100100100100100100100100100100100100100100
 92  0  0  0  0  0  0  0  0  0  0  0  0  0100100100100100100100100100100100100100100100100100100100100100100100100100100100
 91  0  0  0  0  0  0  0  0  0  0  0  0  0100100100100100100100100100100100100100100100100100100100100100100100100100100100
 90  0  0  0  0  0  0  0  0  0  0  0  0  0100100100100100100100100100100100100100100100100100100100100100100100100100100100
 89  0  0  0  0  0  0  0  0  0  0  0  0  0100100100100100100100100100100100100100100100100100100100100100100100100100100100
 88  0  0  0  0  0  0  0  0  0  0  0  0  0  0  0100100100100100100100100100100100100100100100100100100100100100100100100100
 87  0  0  0  0  0  0  0  0  0  0  0  0  0  0  0  0100100100100100100100100100100100100100100100100100100100100100100100100
 86  0  0  0  0  0  0  0  0  0  0  0  0  0  0  0  0100100100100100100100100100100100100100100100100100100100100100100100100
 85  4  0  0  0  0  0  0  0  0  0  0  0  0  0  0  0100100100100100100100100100100100100100100100100100100100100100100100100
 84  4  0  0  0  0  0  0  0  0  0  0  0  0  0  0  0100100100100100100100100100100100100100100100100100100100100100100100100
 83 31  4  0  0  0  0  0  0  0  0  0  0  0  0  0  0  0100100100100100  0  0100100100100100100100100100100100100100100100100
 82 69 31  4  0  0  0  0  0  0  0  0  0  0  0  0  0  0100  0  0  0  0  0  0100100100100100100100100100100100100100100100100
 81 69 31  4  0  0  0  0  0  0  0  0  0  0  0  0  0  0  0  0  0  0  0  0  0  0  0100100100100100100100100100100100100100100
 80 69 31  4  0  0  0  0  0  0  0  0  0  0  0  0  0  0  0  0  0  0  0  0  0  0  0100100100100100100100100100100100100100100
 79 69 31  4  0  0  0  0  0  0  0  0  0  0  0  0  0  0  0  0  0  0  0  0  0  0  0100100100100100100100100100100100100100100
 78 96 69 31  4  0  0  0  0  0  0  0  0  0  0  0  0  0  0  0  0  0  0  0  0  0  0100100100100100100100100100100100100100100
 77 96 69 31  4  0  0  0  0  0  0  0  0  0  0  0  0  0  0  0  0  0  0  0  0  0  0100100100100100100100100100100100100100100
 76 96 96 69 31  4  0  0  0  0  0  0  0  0  0  0  0  0  0  0  0  0  0  0  0  0  0100100100100100100100100100100100100100100
 75100 96 69 31  4  0  0  0  0  0  0  0  0  0  0  0  0  0  0  0  0  0  0  0  0  0100100100100100100100100100100100100100100
 74100 96 69 31  4  0  0  0  0  0  0  0  0  0  0  0  0  0  0  0  0  0  0  0  0  0100100100100100100100100100100100100100100
 73100 96 96 69 31  4  0  0  0  0  0  0  0  0  0  0  0  0  0  0  0  0  0  0  0  0100100100100100100100100100100100100100100
 72100100 96 69 31  4  0  0  0  0  0  0  0  0  0  0  0  0  0  0  0  0  0  0  0  0100100100100100100100100100100100100100100
 71100100 96 96 69 31  4  0  0  0  0  0  0  0  0  0  0  0  0  0  0  0  0  0  0  0100100100100100100100100100100100100100100
 70100100100 96 96 69 31  4  0  0  0  0  0  0  0  0  0  0  0  0  0  0  0  0  0  0100100100100100100100100100100100100100100
 69100100100100 96 69 31  4  0  0  0  0  0  0  0  0  0  0  0  0  0  0  0  0  0  0100100100100100100100100100100100100100100
 68100100100100 96 96 69 31  4  0  0  0  0  0  0  0  0  0  0  0  0  0  0  0  0  0  0100100100100100100100100100100100100100
 67100100100100100 96 69 31  4  0  0  0  0  0  0  0  0  0  0  0  0  0  0  0  0  0  0100100100100100100100100100100100100100
 66100100100100100 96 96 69 31  4  0  0  0  0  0  0  0  0  0  0  0  0  0  0  0  0  0100100100100100100100100100100100100100
 65100100100100100100 96 69 31  4  0  0  0  0  0  0  0  0  0  0  0  0  0  0  0  0  0100100100100100100100100100100100100100
 64100100100100100100 96 69 31  4  0  0  0  0  0  0  0  0  0  0  0  0  0  0  0  0  0  0100100100100100100100100100100100100
 63100100100100100100 96 69 31  4  0  0  0  0  0  0  0  0  0  0  0  0  0  0  0  0  0  0100100100100100100100100100100100100
 62100100100100100100 96 69 31  4  0  0  0  0  0  0  0  0  0  0  0  0  0  0  0  0  0  0100100100100100100100100100100100100
 61100100100100100 96 96 69 31  4  0  0  0  0  0  0  0  0  0  0  0  0  0  0  0  0  0  0100100100100100100100100100100100100
 60100100100100100 96 69 31  4  0  0  0  0  0  0  0  0  0  0  0  0  0  0  0  0  0  0  0100100100100100100100100100100100100
 59100100100100 96 96 69 31  4  0  0  0  0  0  0  0  0  0  0  0  0  0  0  0  0  0  0  0100100100100100100100100100100100100
 58100100100100 96 69 31  4  0  0  0  0  0  0  0  0  0  0  0  0  0  0  0  0  0  0  0100100100100100100100100100100100100100
 57100100100100 96 69 31  4  0  0  0  0  0  0  0  0  0  0  0  0  0  0  0  0  0  0  0100100100100100100100100100100100100100
 56100100100100 96 69 31  4  0  0  0  0  0  0  0  0  0  0  0  0  0  0  0  0  0  0  0  0100100100100100100100100100100100100
 55100100100100100100100100100100100100100100100100100100100100100100100100100100100100100100100100100100100100100100100100
 54100100100100100100100100100100100100100100100100100100100100100100100100100100100100100100100100100100100100100100100100
 53100100100100100100100100100100100100100100100100100100100100100100100100100100100100100100100100100100100100100100100100
 52100100100100100100100100100100100100100100100100100100100100100100100100100100100100100100100100100100100100100100100100
 51100100100100100100100100100100100100100100100100100100100100100100100100100100100100100100100100100100100100100100100100
 50100100100100100100100100100100100100100100100100100100100100100100100100100100100100100100100100100100100100100100100100
 49100100100100100100100100100100100100100100100100100100100100100100100100100100100100100100100100100100100100100100100100
 48100100100100100100100100100100100100100100100100100100100100100100100100100100100100100100100100100100100100100100100100
 47100100100100100100100100100100100100100100100100100100100100100100100100100100100100100100100100100100100100100100100100
 46100100100100100100100100100100100100100100100100100100100100100100100100100100100100100100100100100100100100100100100100
 45100100100100100100100100100100100100100100100100100100100100100100100100100100100100100100100100100100100100100100100100
 44100100100100100100100100100100100100100100100100100100100100100100100100100100100100100100100100100100100100100100100100
 43100100100100100100100100100100100100100100100100100100100100100100100100100100100100100100100100100100100100100100100100
 42100100100100100100100100100100100100100100100100100100100100100100100100100100100100100100100100100100100100100100100100
 41100100100100100100100100100100100100100100100100100100100100100100100100100100100100100100100100100100100100100100100100
 40100100100100100100100100100100100100100100100100100100100100100100100100100100100100100100100100100100100100100100100100
 39100100100100100100100100100100100100100100100100100100100100100100100100100100100100100100100100100100100100100100100100
 38100100100100100100100100100100100100100100100100100100100100100100100100100100100100100100100100100100100100100100100100
 37100100100100100100100100100100100100100100100100100100100100100100100100100100100100100100100100100100100100100100100100
 36100100100100100100100100100100100100100100100100100100100100100100100100100100100100100100100100100100100100100100100100
 35100100100100100100100100100100100100100100100100100100100100100100100100100100100100100100100100100100100100100100100100
 34100100100100100100100100100100100100100100100100100100100100100100100100100100100100100100100100100100100100100100100100
 33100100100100100100100100100100100100100100100100100100100100100100100100100100100100100100100100100100100100100100100100
 32100100100100100100100100100100100100100100100100100100100100100100100100100100100100100100100100100100100100100100100100
 31100100100100100100100100100100100100100100100100100100100100100100100100100100100100100100100100100100100100100100100100
 30100100100100100100100100100100100100100100100100100100100100100100100100100100100100100100100100100100100100100100100100
 29100100100100100100100100100100100100100100100100100100100100100100100100100100100100100100100100100100100100100100100100
 28100100100100100100100100100100100100100100100100100100100100100100100100100100100100100100100100100100100100100100100100
 27100100100100100100100100100100100100100100100100100100100100100100100100100100100100100100100100100100100100100100100100
 26100100100100100100100100100100100100100100100100100100100100100100100100100100100100100100100100100100100100100100100100
 25100100100100100100100100100100100100100100100100100100100100100100100100100100100100100100100100100100100100100100100100
 24100100100100100100100100100100100100100100100100100100100100100100100100100100100100100100100100100100100100100100100100
 23100100100100100100100100100100100100100100100100100100100100100100100100100100100100100100100100100100100100100100100100
 22100100100100100100100100100100100100100100100100100100100100100100100100100100100100100100100100100100100100100100100100
 21100100100100100100100100100100100100100100100100100100100100100100100100100100100100100100100100100100100100100100100100
 20100100100100100100100100100100100100100100100100100100100100100100100100100100100100100100100100100100100100100100100100
 19100100100100100100100100100100100100100100100100100100100100100100100100100100100100100100100100100100100100100100100100
 18100100100100100100100100100100100100100100100100100100100100100100100100100100100100100100100100100100100100100100100100
 17100100100100100100100100100100100100100100100100100100100100100100100100100100100100100100100100100100100100100100100100
 16100100100100100100100100100100100100100100100100100100100100100100100100100100100100100100100100100100100100100100100100
 15100100100100100100100100100100100100100100100100100100100100100100100100100100100100100100100100100100100100100100100100
 14100100100100100100100100100100100100100100100100100100100100100100100100100100100100100100100100100100100100100100100100
 13100100100100100100100100100100100100100100100100100100100100100100100100100100100100100100100100100100100100100100100100
 12100100100100100100100100100100100100100100100100100100100100100100100100100100100100100100100100100100100100100100100100
 11100100100100100100100100100100100100100100100100100100100100100100100100100100100100100100100100100100100100100100100100
 10100100100100100100100100100100100100100100100100100100100100100100100100100100100100100100100100100100100100100100100100
  9100100100100100100100100100100100100100100100100100100100100100100100100100100100100100100100100100100100100100100100100
  8100100100100100100100100100100100100100100100100100100100100100100100100100100100100100100100100100100100100100100100100
  7100100100100100100100100100100100100100100100100100100100100100100100100100100100100100100100100100100100100100100100100
  6100100100100100100100100100100100100100100100100100100100100100100100100100100100100100100100100100100100100100100100100
  5100100100100100100100100100100100100100100100100100100100100100100100100100100100100100100100100100100100100100100100100
  4100100100100100100100100100100100100100100100100100100100100100100100100100100100100100100100100100100100100100100100100
  3100100100100100100100100100100100100100100100100100100100100100100100100100100100100100100100100100100100100100100100100
  2100100100100100100100100100100100100100100100100100100100100100100100100100100100100100100100100100100100100100100100100
  1100100100100100100100100100100100100100100100100100100100100100100100100100100100100100100100100100100100100100100100100


   161            166            171            176            181


149100100100100100100100100100100100100100100100100100100100100100100
148100100100100100100100100100100100100100100100100100100100100100100
147100100100100100100100100100100100100100100100100100100100100100100
146100100100100100100100100100100100100100100100100100100100100100100
145100100100100100100100100100100100100100100100100100100100100100100
144100100100100100100100100100100100100100100100100100100100100100100
143100100100100100100100100100100100100100100100100100100100100100100
142100100100100100100100100100100100100100100100100100100100100100100
141100100100100100100100100100100100100100100100100100100100100100100
140100100100100100100100100100100100100100100100100100100100100100100
139100100100100100100100100100100100100100100100100100100100100100100
138100100100100100100100100100100100100100100100100100100100100100100
137100100100100100100100100100100100100100100100100100100100100100100
136100100100100100100100100100100100100100100100100100100100100100100
135100100100100100100100100100100100100100100100100100100100100100100
134100100100100100100100100100100100100100100100100100100100100100100
133100100100100100100100100100100100100100100100100100100100100100100
132100100100100100100100100100100100100100100100100100100100100100100
131100100100100100100100100100100100100100100100100100100100100100100
130100100100100100100100100100100100100100100100100100100100100100100
129100100100100100100100100100100100100100100100100100100100100100100
128100100100100100100100100100100100100100100100100100100100100100100
127100100100100100100100100100100100100100100100100100100100100100100
126100100100100100100100100100100100100100100100100100100100100100100
125100100100100100100100100100100100100100100100100100100100100100100
124100100100100100100100100100100100100100100100100100100100100100100
123100100100100100100100100100100100100100100100100100100100100100100
122100100100100100100100100100100100100100100100100100100100100100100
121100100100100100100100100100100100100100100100100100100100100100100
120100100100100100100100100100100100100100100100100100100100100100100
119100100100100100100100100100100100100100100100100100100100100100100
118100100100100100100100100100100100100100100100100100100100100100100
117100100100100100100100100100100100100100100100100100100100100100100
116100100100100100100100100100100100100100100100100100100100100100100
115100100100100100100100100100100100100100100100100100100100100100100
114100100100100100100100100100100100100100100100100100100100100100100
113100100100100100100100100100100100100100100100100100100100100100100
112100100100100100100100100100100100100100100100100100100100100100100
111100100100100100100100100100100100100100100100100100100100100100100
110100100100100100100100100100100100100100100100100100100100100100100
109100100100100100100100100100100100100100100100100100100100100100100
108100100100100100100100100100100100100100100100100100100100100100100
107100100100100100100100100100100100100100100100100100100100100100100
106100100100100100100100100100100100100100100100100100100100100100100
105100100100100100100100100100100100100100100100100100100100100100100
104100100100100100100100100100100100100100100100100100100100100100100
103100100100100100100100100100100100100100100100100100100100100100100
102100100100100100100100100100100100100100100100100100100100100100100
101100100100100100100100100100100100100100100100100100100100100100100
100100100100100100100100100100100100100100100100100100100100100100100
 99100100100100100100100100100100100100100100100100100100100100100100
 98100100100100100100100100100100100100100100100100100100100100100100
 97100100100100100100100100100100100100100100100100100100100100100100
 96100100100100100100100100100100100100100100100100100100100100100100
 95100100100100100100100100100100100100100100100100100100100100100100
 94100100100100100100100100100100100100100100100100100100100100100100
 93100100100100100100100100100100100100100100100100100100100100100100
 92100100100100100100100100100100100100 96 69 31  4  0100100100100100
 91100100100100100100100100100100100 96 96 69 31  4  0  0100100100100
 90100100100100100100100100100100 96 96 69 31  4  0  0  0100100100100
 89100100100100100100100100100 96 96 69 31  4  0  0  0  0  0100100100
 88100100100100100100100100100 96 69 31  4  0  0  0  0  0  0100100100
 87100100100100100100100100100 96 69 31  4  0  0  0  0  0  0100100100
 86100100100100100100100100100 96 69 31  4  0  0  0  0  0  4 31100100
 85100100100100100100100100100 96 69 31  4  0  0  0  0  0  4 31 31100
 84100100100100100100100100 96 96 69 31  4  0  0  0  0  0  4 31 69100
 83100100100100100100100100 96 69 31  4  0  0  0  0  0  0  4 31 96100
 82100100100100100100100100 96 69 31  4  0  0  0  0  0  0  4 31 69 96
 81100100100100100100100 96 96 69 31  4  0  0  0  0  0  0  0  4 31 69
 80100100100100100100100 96 69 31  4  0  0  0  0  0  0  0  0  0  4 31
 79100100100100100100100 96 69 31  4  0  0  0  0  0  0  0  0  0  0  4
 78100100100100100100 96 96 69 31  4  0  0  0  0  0  0  0  0  0  0  0
 77100100100100100100 96 69 31  4  0  0  0  0  0  0  0  0  0  0  0  0
 76100100100100100100 96 69 31  4  0  0  0  0  0  0  0  0  0  0  0  0
 75100100100100100 96 96 69 31  4  0  0  0  0  0  0  0  0  0  0  0  0
 74100100100100100 96 69 31  4  0  0  0  0  0  0  0  0  0  0  0  0  0
 73100100100100100 96 69 31  4  0  0  0  0  0  0  0  0  0  0  0  0  0
 72100100100100100 96 69 31  4  0  0  0  0  0  0  0  0  0  0  0  0  0
 71100100100100 96 96 69 31  4  0  0  0  0  0  0  0  0  0  0  0  0  0
 70100100100100 96 69 31  4  0  0  0  0  0  0  0  0  0  0  0  0  0  0
 69100100100100 96 69 31  4  0  0  0  0  0  0  0  0  0  0  0  0  0  0
 68100100100100 96 69 31  4  0  0  0  0  0  0  0  0  0  0  0  0  0  0
 67100100100 96 96 69 31  4  0  0  0  0  0  0  0  0  0  0  0  0  0  0
 66100100100 96 69 31  4  0  0  0  0  0  0  0  0  0  0  0  0  0  0  0
 65100100100 96 69 31  4  0  0  0  0  0  0  0  0  0  0  0  0  0  0  0
 64100100100 96 69 31  4  4  4  0  0  0  0  0  0  0  0  0  0  0  0  0
 63100100100 96 69 69 31 31 31  4  0  0  0  0  0  0  0  0  0  0  0  0
 62100100100 96 96 96 69 69 69 31  4  0  0  0  0  0  0  0  0  0  0  0
 61100100100100 96 96 96 96 96 69 31  4  0  0  0  0  0  0  0  0  0  0
 60100100100100100100100100100 96 69 31  4  0  0  0  0  0  0  0  0  0
 59100100100100100100100100100 96 69 31  4  0  0  0  0  0  0  0  0  0
 58100100100100100100100100100 96 69 31  4  0  0  0  0  0  0  0  0  0
 57100100100100100100100100 96 96 69 31  4  0  0  0  0  0  0  0  0  0
 56100100100100100100100100 96 69 31  4  0  0  0  0  0  0  0  0  0  0
 55100100100100100100100100100100100100100100100100100100100100100100
 54100100100100100100100100100100100100100100100100100100100100100100
 53100100100100100100100100100100100100100100100100100100100100100100
 52100100100100100100100100100100100100100100100100100100100100100100
 51100100100100100100100100100100100100100100100100100100100100100100
 50100100100100100100100100100100100100100100100100100100100100100100
 49100100100100100100100100100100100100100100100100100100100100100100
 48100100100100100100100100100100100100100100100100100100100100100100
 47100100100100100100100100100100100100100100100100100100100100100100
 46100100100100100100100100100100100100100100100100100100100100100100
 45100100100100100100100100100100100100100100100100100100100100100100
 44100100100100100100100100100100100100100100100100100100100100100100
 43100100100100100100100100100100100100100100100100100100100100100100
 42100100100100100100100100100100100100100100100100100100100100100100
 41100100100100100100100100100100100100100100100100100100100100100100
 40100100100100100100100100100100100100100100100100100100100100100100
 39100100100100100100100100100100100100100100100100100100100100100100
 38100100100100100100100100100100100100100100100100100100100100100100
 37100100100100100100100100100100100100100100100100100100100100100100
 36100100100100100100100100100100100100100100100100100100100100100100
 35100100100100100100100100100100100100100100100100100100100100100100
 34100100100100100100100100100100100100100100100100100100100100100100
 33100100100100100100100100100100100100100100100100100100100100100100
 32100100100100100100100100100100100100100100100100100100100100100100
 31100100100100100100100100100100100100100100100100100100100100100100
 30100100100100100100100100100100100100100100100100100100100100100100
 29100100100100100100100100100100100100100100100100100100100100100100
 28100100100100100100100100100100100100100100100100100100100100100100
 27100100100100100100100100100100100100100100100100100100100100100100
 26100100100100100100100100100100100100100100100100100100100100100100
 25100100100100100100100100100100100100100100100100100100100100100100
 24100100100100100100100100100100100100100100100100100100100100100100
 23100100100100100100100100100100100100100100100100100100100100100100
 22100100100100100100100100100100100100100100100100100100100100100100
 21100100100100100100100100100100100100100100100100100100100100100100
 20100100100100100100100100100100100100100100100100100100100100100100
 19100100100100100100100100100100100100100100100100100100100100100100
 18100100100100100100100100100100100100100100100100100100100100100100
 17100100100100100100100100100100100100100100100100100100100100100100
 16100100100100100100100100100100100100100100100100100100100100100100
 15100100100100100100100100100100100100100100100100100100100100100100
 14100100100100100100100100100100100100100100100100100100100100100100
 13100100100100100100100100100100100100100100100100100100100100100100
 12100100100100100100100100100100100100100100100100100100100100100100
 11100100100100100100100100100100100100100100100100100100100100100100
 10100100100100100100100100100100100100100100100100100100100100100100
  9100100100100100100100100100100100100100100100100100100100100100100
  8100100100100100100100100100100100100100100100100100100100100100100
  7100100100100100100100100100100100100100100100100100100100100100100
  6100100100100100100100100100100100100100100100100100100100100100100
  5100100100100100100100100100100100100100100100100100100100100100100
  4100100100100100100100100100100100100100100100100100100100100100100
  3100100100100100100100100100100100100100100100100100100100100100100
  2100100100100100100100100100100100100100100100100100100100100100100
  1100100100100100100100100100100100100100100100100100100100100100100
